-->3aa343e1-d6a0-4dd4-a844-ca135c546398.0
Form\БСП_ОбщегоНазначенияКлиентСервер\Форма.bsl-->19ea372a-286a-4c37-b686-712b68a0d0b1.0 (48, 101)
Form\ВыгрузкаЗагрузкаДанныхXML\Форма.bsl-->0d6bbf44-26e8-4f75-b72c-18ce17350a38.0 (6 486, 8 259)
Form\ЗапускОтИмениПользователя\Форма.bsl-->591a49ed-67c5-4987-a48b-60204a6653ac.0 (786, 1 155)
Form\ЗначенияКонстант\Форма.bsl-->2896b2c3-2f3c-4d66-af5a-fa7fc7443d83.0 (992, 1 089)
Form\КонсольКода\Форма.bsl-->6b568e72-47c5-485f-847e-b54024b326d9.0 (2 249, 3 522)
Form\ОбновлениеПрограммы\Форма.bsl-->1a6c605c-5747-4939-80b5-6ee482c5288e.0 (3 379, 3 933)
Form\ОсновнаяФорма\Форма.bsl-->3c1e50cd-9ff6-49ad-90ef-44cd780254a4.0 (15 546, 18 732)
Form\ОтчетДвиженияДокумента\Форма.bsl-->988914ee-a4eb-4e5c-8b97-aed6c5156fd6.0 (437, 1 461)
Form\ПользователиБазы\Форма.bsl-->d166992b-9301-473a-a11d-5c4c60d5da6d.0 (988, 1 111)
Form\ПользовательБазы\Форма.bsl-->c337e056-c1db-455e-b7b6-d5de94541677.0 (2 732, 3 405)
Form\РедакторЗаписи\Форма.bsl-->29b5e608-72a9-4deb-8639-c25fab4db49c.0 (2 771, 3 560)
Form\РедакторЗаписиРегистраСведений\Форма.bsl-->c4851dbc-f930-4bae-8105-68d1018f3935.0 (1 065, 1 156)
Form\РедакторОбъекта\Форма.bsl-->8434c027-4a9a-43f7-b343-28a324bf8189.0 (30 510, 35 398)
Form\РедакторПеречисления\Форма.bsl-->560a5626-0b4f-465e-aa3f-3e3181c4a925.0 (3 453, 3 769)
Form\РедакторСвязиОбъекта\Форма.bsl-->569e4d52-fcd7-4ac0-b32f-2452bcda5add.0 (234, 234)
Form\РедакторХранилищаЗначения\Форма.bsl-->f4a4f759-e89d-4f7b-a7dd-e7884f9403ec.0 (143, 150)
Form\СвойстваОбъекта\Форма.bsl-->89d553fd-fd38-4e89-984a-293edc250ea2.0 (5 555, 6 103)
Form\СвойстваПрограммы\Форма.bsl-->832b1b5c-5a54-4355-90ed-4b949654a511.0 (445, 508)
Form\СтруктураХраненияДанных\Форма.bsl-->9c1a733f-c9f2-4198-ac4a-1713170624ff.0 (48, 86)
Макеты\ДвиженияДокумента.mxl-->7f43c0d3-aead-46c7-a1ed-5849fa1c2584.0
Макеты\ПараметрыПолученияОбновлений.txt-->f51bbffc-0b70-41d3-82f8-f53748a21a0b.0
Макеты\ПреобразованиеXSLT.txt-->dc4d6156-6a8d-47c2-a276-6f99a2fc2354.0
